0	144	49	206	149	122	89	228	210	190	44	219	181	131	78	4	23	93	38	42	252	114	30	1	2	96	136	146	153	155	42	169	115	90	15	155	200	205	133	77	223	185	244	236	138	36	118	60	220	53	
199	215	254	255	156	100	68	76	214	6	96	24	173	14	2	234	70	70	150	176	214	185	124	52	190	119	117	242	190	28	153	98	187	155	146	92	39	57	108	205	132	252	192	88	43	168	125	16	178	129	
38	242	36	231	177	77	109	18	246	174	39	224	210	148	49	45	208	121	40	129	187	103	71	145	174	193	184	121	31	94	213	9	132	169	109	27	242	235	140	88	120	96	216	81	116	69	251	76	188	145	
50	194	214	101	128	227	7	254	146	13	135	49	215	160	168	50	215	31	28	189	80	240	73	86	36	187	213	181	153	191	64	37	0	16	206	217	54	29	141	4	29	116	192	175	139	19	111	51	178	74	
111	59	147	136	160	41	129	246	177	236	48	86	45	254	117	254	25	159	24	112	238	12	228	74	58	196	105	52	160	154	115	119	152	162	218	211	159	184	144	96	47	188	142	231	62	48	154	178	149	90	
126	20	189	156	158	176	205	38	147	221	232	157	186	11	170	249	80	145	78	44	28	222	217	190	39	83	20	20	163	209	139	114	104	76	119	128	39	82	188	80	211	245	223	185	77	241	32	17	200	134	
155	244	18	223	167	82	27	129	58	74	235	141	169	29	126	97	127	202	130	98	175	136	155	101	2	181	26	159	220	125	191	127	97	200	141	91	244	161	45	95	34	190	243	156	7	84	14	163	34	216	
220	152	184	218	4	32	181	157	55	17	43	159	87	81	94	169	205	206	134	156	204	230	37	161	103	65	35	218	17	109	146	77	140	58	79	28	206	34	72	201	228	201	190	157	92	218	58	220	59	64	
138	251	14	21	134	109	24	66	227	59	37	32	238	20	12	15	86	233	102	110	241	213	136	215	177	101	66	1	134	243	102	61	149	65	174	241	111	227	2	240	153	200	147	36	57	98	1	107	21	168	
218	17	207	169	176	205	135	175	36	176	186	198	8	222	164	180	22	141	242	15	70	37	250	158	75	235	94	177	56	40	61	133	230	27	230	113	20	199	44	248	198	222	54	116	1	191	29	103	79	253	
10	64	48	63	39	158	226	239	50	199	165	167	232	116	235	169	38	162	145	108	240	138	148	137	65	101	89	9	203	50	18	99	151	18	50	40	164	116	154	178	113	175	101	213	151	51	242	223	100	252	
47	228	146	113	160	181	13	73	66	104	228	181	186	228	100	101	230	79	99	145	90	187	190	188	189	36	51	70	174	232	94	132	28	231	52	132	167	112	175	23	20	19	7	91	78	178	36	101	17	172	
185	51	177	157	167	139	25	139	13	249	118	247	186	135	173	177	95	99	13	206	43	16	79	200	54	82	124	2	112	130	155	193	102	89	215	240	159	254	14	144	220	99	78	72	7	156	100	5	8	116	
219	239	102	185	156	206	223	149	152	20	202	118	151	150	145	208	172	88	3	68	87	59	197	95	222	30	185	160	228	47	137	230	199	246	50	230	203	243	216	227	160	47	157	68	64	187	201	44	182	123	
21	206	218	32	78	146	121	194	49	186	254	4	165	176	44	18	70	173	214	142	95	199	59	163	59	52	248	72	6	196	39	12	2	89	164	88	106	106	23	139	178	86	168	223	137	145	14	119	66	109	
220	124	22	144	181	199	220	217	75	220	164	190	211	195	222	232	233	133	112	27	90	210	109	43	0	168	197	16	23	98	174	206	39	36	12	88	5	249	165	14	233	163	110	5	62	100	167	199	6	211	
35	162	140	251	118	55	77	199	87	123	155	26	251	193	38	116	181	255	198	164	158	241	175	74	145	74	140	182	63	139	126	243	171	195	159	114	204	190	252	52	161	232	151	234	129	125	115	227	240	47	
64	52	186	240	159	11	164	9	142	139	114	16	254	33	153	13	44	168	85	81	167	105	109	57	173	42	127	129	205	111	1	87	96	33	211	187	227	164	166	131	187	188	244	119	93	29	231	209	116	28	
222	194	10	106	239	17	42	54	30	151	30	158	148	176	187	233	171	76	206	96	254	197	52	43	99	46	148	50	245	49	97	78	31	51	12	197	194	225	0	114	109	204	118	126	191	61	143	24	235	228	
219	15	125	161	191	193	65	232	202	51	141	13	133	202	180	6	187	141	233	223	203	78	101	123	13	166	0	196	193	56	39	15	171	8	88	178	204	111	250	162	75	122	223	20	26	37	36	234	79	95	
208	12	208	61	229	65	69	53	58	216	223	226	215	155	10	44	47	91	115	47	228	159	139	232	133	186	255	247	221	214	37	95	73	44	248	189	183	8	164	207	188	209	32	183	96	166	233	227	8	197	
114	2	58	107	40	234	128	62	192	231	54	8	197	58	142	206	217	85	137	253	222	165	58	207	95	94	9	143	101	31	83	229	51	240	32	217	228	114	57	162	143	159	108	4	220	36	68	74	174	143	
245	155	201	108	209	189	35	132	5	2	191	85	230	118	196	13	161	6	174	247	128	180	68	210	165	152	67	215	117	191	90	4	122	160	103	98	7	74	152	225	110	238	98	136	3	248	221	112	178	85	
154	127	143	10	96	59	239	219	246	155	149	19	104	78	127	20	223	78	199	238	150	55	71	143	223	64	77	185	221	59	49	114	227	146	7	254	15	158	66	43	30	59	126	245	13	20	86	71	131	125	
105	236	153	74	121	102	243	140	213	203	204	151	222	81	239	68	241	183	33	198	121	45	7	11	116	220	35	4	54	209	203	199	168	76	199	235	215	62	127	6	19	8	91	182	104	46	76	46	190	34	
15	134	92	206	40	229	34	7	46	209	64	146	88	138	170	222	238	241	27	39	142	204	228	18	222	210	99	140	171	115	72	242	250	186	152	69	34	50	153	124	91	59	122	176	242	171	251	61	131	60	
229	124	83	137	146	86	89	43	74	56	235	189	206	166	175	69	196	16	184	219	87	11	123	5	214	158	138	154	145	198	163	178	194	221	40	108	201	5	112	11	129	69	17	62	250	129	157	18	94	244	
219	86	62	74	13	253	44	18	56	77	201	166	21	67	35	55	143	45	161	27	116	194	85	15	72	177	223	145	221	21	203	255	162	158	152	151	50	250	59	11	61	65	104	203	69	230	97	186	53	14	
154	90	92	170	249	57	228	88	243	170	51	72	91	136	74	56	25	27	181	215	171	209	1	125	154	239	74	154	190	223	233	212	155	78	200	38	138	176	101	253	26	105	7	175	66	43	58	48	220	195	
12	123	14	245	22	144	245	146	224	104	103	105	168	210	241	72	1	157	13	167	108	243	154	51	106	87	159	206	1	27	101	71	81	210	218	79	50	144	120	254	110	94	107	98	148	224	86	100	243	130	
107	155	198	21	39	53	22	81	120	160	85	20	157	36	72	210	112	254	56	27	132	67	2	147	196	27	247	94	231	133	57	77	122	79	106	195	215	99	109	185	187	23	21	192	216	163	92	121	24	106	
48	87	233	58	79	39	87	46	69	53	44	85	17	128	246	206	114	233	46	123	120	178	63	239	71	76	210	209	161	203	2	67	74	243	219	132	180	65	235	125	24	211	20	72	98	164	131	110	36	249	
19	1	233	105	193	48	26	108	173	134	210	213	69	127	222	38	248	137	56	17	52	50	49	51	244	151	188	75	173	200	235	237	215	66	27	16	230	38	228	92	244	97	85	175	226	97	110	172	68	123	
135	205	203	190	124	211	143	71	89	14	232	195	94	72	54	83	13	225	63	103	37	223	155	200	50	115	194	110	162	205	44	82	246	181	50	220	12	190	9	33	21	141	145	136	56	20	78	16	105	34	
64	209	130	69	252	234	31	73	180	120	75	88	134	207	132	17	211	141	26	130	241	184	121	115	234	140	93	226	168	31	129	29	71	139	202	94	219	190	118	92	113	149	97	161	142	123	213	47	2	28	
10	57	65	105	180	113	34	139	218	206	56	236	80	37	155	3	244	137	99	3	60	226	151	39	4	136	234	166	57	103	246	25	102	129	86	84	159	64	74	136	229	122	84	172	117	149	105	235	31	170	
38	63	28	26	176	211	125	116	167	107	163	25	212	94	224	133	245	101	185	161	95	207	217	16	190	92	60	209	200	70	144	45	32	193	106	71	44	139	62	81	57	168	178	171	164	14	84	243	82	78	
42	94	70	245	60	67	159	193	149	69	182	86	182	6	179	161	32	184	97	134	220	151	126	8	171	141	89	146	195	6	0	139	191	72	202	213	185	76	137	103	26	99	25	170	41	176	171	188	227	193	
145	68	28	68	187	249	124	55	204	156	89	123	255	95	242	56	161	147	37	237	117	164	12	167	189	25	166	51	60	187	254	192	228	140	227	222	157	184	186	39	193	39	103	157	183	212	226	16	101	154	
124	115	194	148	86	149	92	191	21	24	254	11	101	28	106	111	69	116	57	67	164	228	224	115	105	59	246	189	87	184	154	158	228	174	60	28	136	182	145	4	130	117	248	227	179	63	26	68	119	155	
13	98	30	255	189	10	1	173	244	180	191	36	173	156	169	249	18	231	220	160	227	147	39	229	146	67	45	159	213	171	219	114	251	168	181	15	208	190	248	213	80	30	52	74	242	215	64	55	221	110	
52	237	192	99	96	142	161	240	188	188	99	140	250	160	84	110	160	177	125	170	68	27	17	36	116	46	165	218	68	208	159	234	26	65	127	179	180	28	95	123	245	25	116	24	133	83	202	210	188	144	
13	48	253	109	164	184	230	215	233	123	122	186	193	98	190	70	93	8	210	193	111	57	21	68	160	196	83	65	124	192	143	89	178	247	102	70	227	151	155	89	204	212	208	108	21	161	251	176	127	47	
145	61	220	74	252	209	103	82	102	168	237	230	71	195	134	243	234	164	12	67	74	202	66	73	90	233	209	62	82	59	245	63	238	209	26	147	58	96	49	201	229	79	14	192	183	142	140	94	28	18	
197	7	82	79	37	134	83	189	153	148	236	168	181	148	18	75	4	197	254	148	78	121	34	131	48	140	96	130	173	184	180	157	31	244	186	14	58	127	34	248	116	200	156	198	156	214	74	255	219	86	
40	27	246	250	149	29	17	84	102	110	187	205	152	224	144	231	53	58	46	112	82	55	213	200	218	102	113	242	12	201	77	132	56	171	74	44	222	120	215	233	149	41	114	174	209	250	246	131	22	13	
147	220	151	154	148	72	201	99	225	30	247	15	107	88	91	1	81	54	199	125	16	227	101	145	114	180	145	149	155	50	96	198	231	144	207	204	242	196	50	161	131	215	210	186	176	158	101	224	251	136	
65	153	174	163	242	143	69	130	52	223	43	38	184	176	142	159	254	255	153	131	134	12	212	228	141	66	1	238	208	25	33	218	97	194	17	83	4	19	94	2	59	147	190	90	112	29	211	101	82	238	
152	144	223	149	60	82	60	160	167	168	194	127	130	45	107	120	251	226	6	19	24	99	81	238	212	146	126	101	235	133	29	220	107	192	254	58	8	119	30	91	87	241	5	240	199	198	198	191	157	11	
13	141	178	35	73	187	84	89	130	232	241	236	220	145	240	176	78	253	108	240	154	125	42	185	12	82	128	56	4	40	137	77	216	139	89	0	30	73	140	0	195	19	234	206	53	98	114	198	223	233	
